
ZAI = [
541350
922340
922350
942390
666
0
];

NAMES = [
'Xe135           '
'U234            '
'U235            '
'Pu239           '
'lost            '
'total           '
];

i541350 = 1; iXe135            = 1;
i922340 = 2; iU234             = 2;
i922350 = 3; iU235             = 3;
i942390 = 4; iPu239            = 4;
iLOST    = 5;
iTOT     = 6;

MAT_fuel1_VOLUME = [ 1.34907E+05 1.34907E+05 1.34907E+05 1.34907E+05 1.34907E+05 1.34907E+05 1.34907E+05 1.34907E+05 1.34907E+05 1.34907E+05 1.34907E+05 1.34907E+05 1.34907E+05 1.34907E+05 1.34907E+05 1.34907E+05 1.34907E+05 1.34907E+05 1.34907E+05 1.34907E+05 1.34907E+05 1.34907E+05 1.34907E+05 ];

MAT_fuel1_BURNUP = [ 0.00000E+00 1.40644E-01 2.81479E-01 5.64274E-01 8.47254E-01 1.12994E+00 1.41395E+00 2.12292E+00 2.83166E+00 5.63484E+00 8.41891E+00 1.12060E+01 1.39435E+01 1.67038E+01 1.94358E+01 2.28594E+01 2.49215E+01 2.76665E+01 3.11279E+01 3.45999E+01 3.80545E+01 4.15183E+01 4.43524E+01 ];

MAT_fuel1_ADENS = [
0.00000E+00 1.19656E-08 1.21242E-08 1.21845E-08 1.22541E-08 1.22903E-08 1.23579E-08 1.24313E-08 1.25044E-08 1.26635E-08 1.27554E-08 1.28311E-08 1.27954E-08 1.28746E-08 1.28518E-08 1.28407E-08 1.28664E-08 1.28219E-08 1.28347E-08 1.28040E-08 1.27450E-08 1.27348E-08 1.28152E-08 % Xe135
0.00000E+00 5.34917E-10 1.07430E-09 2.14595E-09 3.22542E-09 4.30771E-09 5.37016E-09 7.99967E-09 1.05972E-08 2.02113E-08 2.90448E-08 3.75564E-08 4.53278E-08 5.31892E-08 6.08241E-08 7.04489E-08 7.64567E-08 8.47110E-08 9.58469E-08 1.07901E-07 1.21436E-07 1.36628E-07 1.50094E-07 % U234
1.16438E-03 1.16034E-03 1.15631E-03 1.14826E-03 1.14028E-03 1.13239E-03 1.12453E-03 1.10518E-03 1.08626E-03 1.01472E-03 9.48784E-04 8.87114E-04 8.30261E-04 7.76372E-04 7.26146E-04 6.67285E-04 6.33758E-04 5.91402E-04 5.41471E-04 4.94991E-04 4.52153E-04 4.12365E-04 3.82025E-04 % U235
0.00000E+00 9.20173E-07 2.65908E-06 6.56605E-06 1.04764E-05 1.43117E-05 1.80758E-05 2.71463E-05 3.57425E-05 6.56052E-05 9.05203E-05 1.11666E-04 1.29675E-04 1.45370E-04 1.59096E-04 1.73679E-04 1.81579E-04 1.90814E-04 2.01020E-04 2.09697E-04 2.17191E-04 2.23943E-04 2.28673E-04 % Pu239
0.00000E+00 2.78965E-13 5.62959E-13 1.13330E-12 1.70592E-12 2.27847E-12 2.85457E-12 4.29253E-12 5.73512E-12 1.13985E-11 1.70974E-11 2.28682E-11 2.85912E-11 3.44501E-11 4.03090E-11 4.77183E-11 5.22637E-11 5.83348E-11 6.60910E-11 7.39543E-11 8.18970E-11 8.99963E-11 9.66876E-11 % lost data
7.04204E-02 7.04239E-02 7.04273E-02 7.04342E-02 7.04411E-02 7.04480E-02 7.04550E-02 7.04723E-02 7.04896E-02 7.05582E-02 7.06260E-02 7.06937E-02 7.07600E-02 7.08267E-02 7.08927E-02 7.09752E-02 7.10249E-02 7.10910E-02 7.11741E-02 7.12575E-02 7.13404E-02 7.14235E-02 7.14915E-02 % total
];

MAT_fuel1_MDENS = [
0.00000E+00 2.68056E-06 2.71608E-06 2.72960E-06 2.74520E-06 2.75330E-06 2.76844E-06 2.78487E-06 2.80126E-06 2.83691E-06 2.85750E-06 2.87446E-06 2.86645E-06 2.88418E-06 2.87908E-06 2.87661E-06 2.88236E-06 2.87239E-06 2.87525E-06 2.86838E-06 2.85516E-06 2.85287E-06 2.87089E-06 % Xe135
0.00000E+00 2.07890E-07 4.17518E-07 8.34004E-07 1.25353E-06 1.67415E-06 2.08706E-06 3.10899E-06 4.11850E-06 7.85492E-06 1.12880E-05 1.45959E-05 1.76162E-05 2.06715E-05 2.36387E-05 2.73793E-05 2.97142E-05 3.29221E-05 3.72500E-05 4.19348E-05 4.71950E-05 5.30990E-05 5.83328E-05 % U234
4.54463E-01 4.52888E-01 4.51314E-01 4.48173E-01 4.45059E-01 4.41978E-01 4.38909E-01 4.31357E-01 4.23972E-01 3.96050E-01 3.70316E-01 3.46246E-01 3.24056E-01 3.03023E-01 2.83419E-01 2.60445E-01 2.47360E-01 2.30828E-01 2.11339E-01 1.93198E-01 1.76478E-01 1.60948E-01 1.49107E-01 % U235
0.00000E+00 3.65273E-04 1.05555E-03 2.60647E-03 4.15873E-03 5.68120E-03 7.17540E-03 1.07760E-02 1.41884E-02 2.60428E-02 3.59331E-02 4.43271E-02 5.14759E-02 5.77063E-02 6.31550E-02 6.89440E-02 7.20800E-02 7.57457E-02 7.97971E-02 8.32416E-02 8.62166E-02 8.88970E-02 9.07744E-02 % Pu239
0.00000E+00 0.00000E+00 0.00000E+00 0.00000E+00 0.00000E+00 0.00000E+00 0.00000E+00 0.00000E+00 0.00000E+00 0.00000E+00 0.00000E+00 0.00000E+00 0.00000E+00 0.00000E+00 0.00000E+00 0.00000E+00 0.00000E+00 0.00000E+00 0.00000E+00 0.00000E+00 0.00000E+00 0.00000E+00 0.00000E+00 % lost data
1.05216E+01 1.05216E+01 1.05216E+01 1.05215E+01 1.05215E+01 1.05215E+01 1.05215E+01 1.05214E+01 1.05213E+01 1.05211E+01 1.05208E+01 1.05206E+01 1.05203E+01 1.05201E+01 1.05198E+01 1.05196E+01 1.05194E+01 1.05192E+01 1.05189E+01 1.05186E+01 1.05184E+01 1.05181E+01 1.05179E+01 % total
];

MAT_fuel1_A = [
0.00000E+00 3.40053E+16 3.44559E+16 3.46274E+16 3.48253E+16 3.49281E+16 3.51201E+16 3.53286E+16 3.55365E+16 3.59887E+16 3.62499E+16 3.64651E+16 3.63634E+16 3.65884E+16 3.65237E+16 3.64923E+16 3.65653E+16 3.64389E+16 3.64750E+16 3.63880E+16 3.62203E+16 3.61911E+16 3.64198E+16 % Xe135
0.00000E+00 6.45641E+06 1.29668E+07 2.59015E+07 3.89306E+07 5.19937E+07 6.48175E+07 9.65554E+07 1.27908E+08 2.43949E+08 3.50568E+08 4.53303E+08 5.47103E+08 6.41990E+08 7.34143E+08 8.50313E+08 9.22827E+08 1.02246E+09 1.15687E+09 1.30236E+09 1.46572E+09 1.64908E+09 1.81163E+09 % U234
4.90092E+09 4.88394E+09 4.86696E+09 4.83309E+09 4.79951E+09 4.76628E+09 4.73319E+09 4.65175E+09 4.57211E+09 4.27100E+09 3.99348E+09 3.73391E+09 3.49461E+09 3.26779E+09 3.05639E+09 2.80864E+09 2.66752E+09 2.48924E+09 2.27908E+09 2.08344E+09 1.90313E+09 1.73566E+09 1.60797E+09 % U235
0.00000E+00 1.13091E+11 3.26806E+11 8.06981E+11 1.28757E+12 1.75894E+12 2.22155E+12 3.33633E+12 4.39283E+12 8.06301E+12 1.11251E+13 1.37240E+13 1.59373E+13 1.78663E+13 1.95532E+13 2.13455E+13 2.23164E+13 2.34514E+13 2.47057E+13 2.57722E+13 2.66932E+13 2.75231E+13 2.81044E+13 % Pu239
0.00000E+00 0.00000E+00 0.00000E+00 0.00000E+00 0.00000E+00 0.00000E+00 0.00000E+00 0.00000E+00 0.00000E+00 0.00000E+00 0.00000E+00 0.00000E+00 0.00000E+00 0.00000E+00 0.00000E+00 0.00000E+00 0.00000E+00 0.00000E+00 0.00000E+00 0.00000E+00 0.00000E+00 0.00000E+00 0.00000E+00 % lost data
1.96989E+10 6.76810E+18 7.09046E+18 7.31940E+18 7.41274E+18 7.46480E+18 7.53873E+18 7.61681E+18 7.65891E+18 7.70156E+18 7.67527E+18 7.69639E+18 7.58945E+18 7.67078E+18 7.62799E+18 7.65811E+18 7.74098E+18 7.73852E+18 7.83178E+18 7.89117E+18 7.90098E+18 7.97542E+18 8.19809E+18 % total
];

MAT_fuel1_H = [
0.00000E+00 3.06564E+03 3.10626E+03 3.12172E+03 3.13955E+03 3.14882E+03 3.16614E+03 3.18493E+03 3.20367E+03 3.24444E+03 3.26799E+03 3.28738E+03 3.27822E+03 3.29850E+03 3.29267E+03 3.28984E+03 3.29642E+03 3.28502E+03 3.28828E+03 3.28043E+03 3.26532E+03 3.26269E+03 3.28330E+03 % Xe135
0.00000E+00 5.02089E-06 1.00837E-05 2.01425E-05 3.02747E-05 4.04334E-05 5.04059E-05 7.50872E-05 9.94685E-05 1.89709E-04 2.72623E-04 3.52515E-04 4.25460E-04 4.99250E-04 5.70913E-04 6.61254E-04 7.17645E-04 7.95122E-04 8.99647E-04 1.01279E-03 1.13983E-03 1.28243E-03 1.40883E-03 % U234
3.62191E-03 3.60936E-03 3.59681E-03 3.57178E-03 3.54696E-03 3.52240E-03 3.49795E-03 3.43776E-03 3.37891E-03 3.15638E-03 2.95129E-03 2.75946E-03 2.58261E-03 2.41498E-03 2.25875E-03 2.07566E-03 1.97137E-03 1.83961E-03 1.68430E-03 1.53972E-03 1.40647E-03 1.28270E-03 1.18833E-03 % U235
0.00000E+00 9.49677E-02 2.74434E-01 6.77658E-01 1.08123E+00 1.47706E+00 1.86554E+00 2.80167E+00 3.68885E+00 6.77087E+00 9.34227E+00 1.15246E+01 1.33832E+01 1.50031E+01 1.64197E+01 1.79248E+01 1.87401E+01 1.96932E+01 2.07465E+01 2.16420E+01 2.24155E+01 2.31124E+01 2.36005E+01 % Pu239
0.00000E+00 0.00000E+00 0.00000E+00 0.00000E+00 0.00000E+00 0.00000E+00 0.00000E+00 0.00000E+00 0.00000E+00 0.00000E+00 0.00000E+00 0.00000E+00 0.00000E+00 0.00000E+00 0.00000E+00 0.00000E+00 0.00000E+00 0.00000E+00 0.00000E+00 0.00000E+00 0.00000E+00 0.00000E+00 0.00000E+00 % lost data
1.37581E-02 2.28275E+06 2.31846E+06 2.34998E+06 2.35945E+06 2.36082E+06 2.37330E+06 2.37594E+06 2.37191E+06 2.34404E+06 2.30492E+06 2.28852E+06 2.23535E+06 2.24221E+06 2.21154E+06 2.20365E+06 2.21598E+06 2.20258E+06 2.21326E+06 2.21524E+06 2.20271E+06 2.20902E+06 2.26149E+06 % total
];

