
ZAI = [
541350
922340
922350
942390
666
0
];

NAMES = [
'Xe135           '
'U234            '
'U235            '
'Pu239           '
'lost            '
'total           '
];

i541350 = 1; iXe135            = 1;
i922340 = 2; iU234             = 2;
i922350 = 3; iU235             = 3;
i942390 = 4; iPu239            = 4;
iLOST    = 5;
iTOT     = 6;

MAT_fuel1_VOLUME = [ 2.26658E+05 2.26658E+05 2.26658E+05 2.26658E+05 2.26658E+05 2.26658E+05 2.26658E+05 2.26658E+05 2.26658E+05 2.26658E+05 2.26658E+05 2.26658E+05 2.26658E+05 2.26658E+05 2.26658E+05 2.26658E+05 2.26658E+05 2.26658E+05 2.26658E+05 2.26658E+05 2.26658E+05 2.26658E+05 2.26658E+05 ];

MAT_fuel1_BURNUP = [ 0.00000E+00 9.81677E-02 1.97496E-01 3.97558E-01 5.95447E-01 7.94971E-01 9.94263E-01 1.49521E+00 2.00094E+00 4.01959E+00 6.04690E+00 8.09160E+00 1.01638E+01 1.22261E+01 1.42971E+01 1.69325E+01 1.85395E+01 2.06767E+01 2.33754E+01 2.61098E+01 2.88450E+01 3.16303E+01 3.38631E+01 ];

MAT_fuel1_ADENS = [
0.00000E+00 9.79807E-09 9.95049E-09 1.00123E-08 9.97605E-09 1.00504E-08 1.00639E-08 1.01429E-08 1.02243E-08 1.03532E-08 1.04485E-08 1.05502E-08 1.06746E-08 1.06814E-08 1.07131E-08 1.08088E-08 1.09189E-08 1.08891E-08 1.09070E-08 1.09538E-08 1.09228E-08 1.09809E-08 1.09525E-08 % Xe135
0.00000E+00 3.36503E-10 6.87970E-10 1.39076E-09 2.07618E-09 2.77270E-09 3.46987E-09 5.20761E-09 6.91217E-09 1.34899E-08 1.98094E-08 2.59059E-08 3.18867E-08 3.77379E-08 4.35648E-08 5.09154E-08 5.53238E-08 6.13576E-08 6.91868E-08 7.76153E-08 8.66970E-08 9.67079E-08 1.05488E-07 % U234
1.16438E-03 1.16155E-03 1.15870E-03 1.15298E-03 1.14735E-03 1.14172E-03 1.13612E-03 1.12220E-03 1.10835E-03 1.05487E-03 1.00402E-03 9.55255E-04 9.08186E-04 8.63469E-04 8.20584E-04 7.68700E-04 7.38406E-04 6.99721E-04 6.53325E-04 6.08926E-04 5.67011E-04 5.26769E-04 4.96125E-04 % U235
0.00000E+00 6.02044E-07 1.75030E-06 4.35819E-06 6.97283E-06 9.55879E-06 1.21087E-05 1.83395E-05 2.44024E-05 4.63874E-05 6.56091E-05 8.27244E-05 9.80800E-05 1.11808E-04 1.23977E-04 1.37606E-04 1.45146E-04 1.54176E-04 1.64207E-04 1.73178E-04 1.80913E-04 1.87766E-04 1.92769E-04 % Pu239
0.00000E+00 1.81581E-13 3.68638E-13 7.44985E-13 1.11791E-12 1.49474E-12 1.87217E-12 2.82089E-12 3.77700E-12 7.59144E-12 1.14538E-11 1.53862E-11 1.94224E-11 2.34875E-11 2.76047E-11 3.28885E-11 3.61568E-11 4.05431E-11 4.61226E-11 5.18648E-11 5.76724E-11 6.36559E-11 6.85100E-11 % lost data
7.04204E-02 7.04228E-02 7.04253E-02 7.04301E-02 7.04350E-02 7.04398E-02 7.04447E-02 7.04569E-02 7.04693E-02 7.05186E-02 7.05680E-02 7.06177E-02 7.06680E-02 7.07179E-02 7.07680E-02 7.08317E-02 7.08705E-02 7.09220E-02 7.09870E-02 7.10528E-02 7.11185E-02 7.11854E-02 7.12390E-02 % total
];

MAT_fuel1_MDENS = [
0.00000E+00 2.19498E-06 2.22913E-06 2.24297E-06 2.23485E-06 2.25150E-06 2.25453E-06 2.27223E-06 2.29046E-06 2.31935E-06 2.34068E-06 2.36349E-06 2.39134E-06 2.39287E-06 2.39996E-06 2.42141E-06 2.44606E-06 2.43940E-06 2.44341E-06 2.45390E-06 2.44695E-06 2.45997E-06 2.45359E-06 % Xe135
0.00000E+00 1.30779E-07 2.67373E-07 5.40506E-07 8.06887E-07 1.07758E-06 1.34853E-06 2.02389E-06 2.68635E-06 5.24274E-06 7.69875E-06 1.00681E-05 1.23925E-05 1.46665E-05 1.69310E-05 1.97878E-05 2.15011E-05 2.38461E-05 2.68888E-05 3.01644E-05 3.36940E-05 3.75846E-05 4.09971E-05 % U234
4.54463E-01 4.53361E-01 4.52248E-01 4.50014E-01 4.47818E-01 4.45618E-01 4.43435E-01 4.38001E-01 4.32596E-01 4.11721E-01 3.91876E-01 3.72842E-01 3.54470E-01 3.37017E-01 3.20279E-01 3.00028E-01 2.88204E-01 2.73105E-01 2.54997E-01 2.37667E-01 2.21308E-01 2.05601E-01 1.93640E-01 % U235
0.00000E+00 2.38988E-04 6.94804E-04 1.73003E-03 2.76795E-03 3.79448E-03 4.80669E-03 7.28007E-03 9.68681E-03 1.84140E-02 2.60443E-02 3.28384E-02 3.89340E-02 4.43836E-02 4.92140E-02 5.46245E-02 5.76173E-02 6.12020E-02 6.51840E-02 6.87450E-02 7.18157E-02 7.45361E-02 7.65218E-02 % Pu239
0.00000E+00 0.00000E+00 0.00000E+00 0.00000E+00 0.00000E+00 0.00000E+00 0.00000E+00 0.00000E+00 0.00000E+00 0.00000E+00 0.00000E+00 0.00000E+00 0.00000E+00 0.00000E+00 0.00000E+00 0.00000E+00 0.00000E+00 0.00000E+00 0.00000E+00 0.00000E+00 0.00000E+00 0.00000E+00 0.00000E+00 % lost data
1.05216E+01 1.05216E+01 1.05216E+01 1.05216E+01 1.05215E+01 1.05215E+01 1.05215E+01 1.05215E+01 1.05214E+01 1.05212E+01 1.05210E+01 1.05208E+01 1.05206E+01 1.05204E+01 1.05203E+01 1.05200E+01 1.05199E+01 1.05197E+01 1.05195E+01 1.05193E+01 1.05190E+01 1.05188E+01 1.05186E+01 % total
];

MAT_fuel1_A = [
0.00000E+00 4.67830E+16 4.75108E+16 4.78058E+16 4.76328E+16 4.79877E+16 4.80522E+16 4.84295E+16 4.88180E+16 4.94337E+16 4.98885E+16 5.03745E+16 5.09682E+16 5.10007E+16 5.11519E+16 5.16091E+16 5.21345E+16 5.19924E+16 5.20780E+16 5.23015E+16 5.21533E+16 5.24309E+16 5.22949E+16 % Xe135
0.00000E+00 6.82385E+06 1.39512E+07 2.82029E+07 4.21023E+07 5.62270E+07 7.03646E+07 1.05604E+08 1.40170E+08 2.73559E+08 4.01710E+08 5.25339E+08 6.46623E+08 7.65277E+08 8.83439E+08 1.03250E+09 1.12190E+09 1.24426E+09 1.40302E+09 1.57394E+09 1.75811E+09 1.96112E+09 2.13917E+09 % U234
8.23407E+09 8.21410E+09 8.19393E+09 8.15345E+09 8.11367E+09 8.07381E+09 8.03426E+09 7.93580E+09 7.83787E+09 7.45966E+09 7.10009E+09 6.75523E+09 6.42238E+09 6.10616E+09 5.80288E+09 5.43598E+09 5.22175E+09 4.94819E+09 4.62009E+09 4.30611E+09 4.00971E+09 3.72513E+09 3.50842E+09 % U235
0.00000E+00 1.24315E+11 3.61417E+11 8.99915E+11 1.43981E+12 1.97378E+12 2.50031E+12 3.78689E+12 5.03880E+12 9.57847E+12 1.35475E+13 1.70816E+13 2.02524E+13 2.30871E+13 2.55997E+13 2.84141E+13 2.99709E+13 3.18356E+13 3.39069E+13 3.57592E+13 3.73565E+13 3.87716E+13 3.98045E+13 % Pu239
0.00000E+00 0.00000E+00 0.00000E+00 0.00000E+00 0.00000E+00 0.00000E+00 0.00000E+00 0.00000E+00 0.00000E+00 0.00000E+00 0.00000E+00 0.00000E+00 0.00000E+00 0.00000E+00 0.00000E+00 0.00000E+00 0.00000E+00 0.00000E+00 0.00000E+00 0.00000E+00 0.00000E+00 0.00000E+00 0.00000E+00 % lost data
3.30962E+10 7.87289E+18 8.32203E+18 8.61448E+18 8.63450E+18 8.77005E+18 8.81179E+18 8.95758E+18 9.10174E+18 9.23078E+18 9.30533E+18 9.41023E+18 9.55753E+18 9.54501E+18 9.59888E+18 9.78462E+18 9.99761E+18 9.98408E+18 1.01015E+19 1.02793E+19 1.03188E+19 1.05474E+19 1.06410E+19 % total
];

MAT_fuel1_H = [
0.00000E+00 4.21757E+03 4.28317E+03 4.30977E+03 4.29418E+03 4.32617E+03 4.33198E+03 4.36599E+03 4.40102E+03 4.45653E+03 4.49753E+03 4.54134E+03 4.59487E+03 4.59780E+03 4.61142E+03 4.65264E+03 4.70001E+03 4.68720E+03 4.69492E+03 4.71507E+03 4.70171E+03 4.72673E+03 4.71447E+03 % Xe135
0.00000E+00 5.30663E-06 1.08493E-05 2.19323E-05 3.27413E-05 4.37254E-05 5.47197E-05 8.21238E-05 1.09005E-04 2.12736E-04 3.12394E-04 4.08535E-04 5.02852E-04 5.95125E-04 6.87014E-04 8.02933E-04 8.72453E-04 9.67607E-04 1.09107E-03 1.22399E-03 1.36721E-03 1.52508E-03 1.66355E-03 % U234
6.08520E-03 6.07044E-03 6.05553E-03 6.02562E-03 5.99622E-03 5.96676E-03 5.93753E-03 5.86477E-03 5.79239E-03 5.51288E-03 5.24716E-03 4.99230E-03 4.74631E-03 4.51261E-03 4.28848E-03 4.01733E-03 3.85901E-03 3.65684E-03 3.41437E-03 3.18233E-03 2.96328E-03 2.75297E-03 2.59282E-03 % U235
0.00000E+00 1.04393E-01 3.03498E-01 7.55699E-01 1.20907E+00 1.65747E+00 2.09962E+00 3.18002E+00 4.23131E+00 8.04347E+00 1.13765E+01 1.43442E+01 1.70068E+01 1.93873E+01 2.14972E+01 2.38606E+01 2.51679E+01 2.67338E+01 2.84731E+01 3.00286E+01 3.13699E+01 3.25582E+01 3.34256E+01 % Pu239
0.00000E+00 0.00000E+00 0.00000E+00 0.00000E+00 0.00000E+00 0.00000E+00 0.00000E+00 0.00000E+00 0.00000E+00 0.00000E+00 0.00000E+00 0.00000E+00 0.00000E+00 0.00000E+00 0.00000E+00 0.00000E+00 0.00000E+00 0.00000E+00 0.00000E+00 0.00000E+00 0.00000E+00 0.00000E+00 0.00000E+00 % lost data
2.31151E-02 2.67503E+06 2.74344E+06 2.78894E+06 2.77019E+06 2.79827E+06 2.79859E+06 2.82110E+06 2.84713E+06 2.84269E+06 2.83393E+06 2.84058E+06 2.86345E+06 2.83823E+06 2.83775E+06 2.87209E+06 2.92142E+06 2.90192E+06 2.91731E+06 2.94962E+06 2.94367E+06 2.99175E+06 3.00358E+06 % total
];

