
ZAI = [
541350
922340
922350
942390
666
0
];

NAMES = [
'Xe135           '
'U234            '
'U235            '
'Pu239           '
'lost            '
'total           '
];

i541350 = 1; iXe135            = 1;
i922340 = 2; iU234             = 2;
i922350 = 3; iU235             = 3;
i942390 = 4; iPu239            = 4;
iLOST    = 5;
iTOT     = 6;

MAT_fuel1_VOLUME = [ 1.28722E+05 1.28722E+05 1.28722E+05 1.28722E+05 1.28722E+05 1.28722E+05 1.28722E+05 1.28722E+05 1.28722E+05 1.28722E+05 1.28722E+05 1.28722E+05 1.28722E+05 1.28722E+05 1.28722E+05 1.28722E+05 1.28722E+05 1.28722E+05 1.28722E+05 ];

MAT_fuel1_BURNUP = [ 0.00000E+00 3.37423E-02 1.66371E-01 3.31904E-01 6.61802E-01 1.15368E+00 1.64273E+00 3.27566E+00 4.88228E+00 6.47011E+00 8.02422E+00 9.55631E+00 1.10717E+01 1.25645E+01 1.40484E+01 1.55127E+01 1.69654E+01 1.83953E+01 2.12566E+01 ];

MAT_fuel1_ADENS = [
0.00000E+00 9.65475E-09 1.14238E-08 1.14396E-08 1.14554E-08 1.14642E-08 1.14662E-08 1.14966E-08 1.14409E-08 1.13705E-08 1.12500E-08 1.11596E-08 1.10647E-08 1.09481E-08 1.08611E-08 1.07500E-08 1.06427E-08 1.05110E-08 1.03388E-08 % Xe135
0.00000E+00 8.48356E-11 4.27019E-10 8.52426E-10 1.68121E-09 2.93976E-09 4.18490E-09 8.18919E-09 1.19355E-08 1.55615E-08 1.90545E-08 2.23991E-08 2.55965E-08 2.86547E-08 3.16411E-08 3.45303E-08 3.73336E-08 4.01180E-08 4.56161E-08 % U234
1.16438E-03 1.16340E-03 1.15958E-03 1.15481E-03 1.14537E-03 1.13144E-03 1.11776E-03 1.07326E-03 1.03108E-03 9.90814E-04 9.52637E-04 9.16146E-04 8.81116E-04 8.47563E-04 8.15130E-04 7.84007E-04 7.53962E-04 7.25156E-04 6.70130E-04 % U235
0.00000E+00 4.56322E-08 8.42376E-07 2.39670E-06 5.81194E-06 1.08485E-05 1.56749E-05 3.04419E-05 4.34156E-05 5.48704E-05 6.49963E-05 7.40419E-05 8.20846E-05 8.92837E-05 9.58153E-05 1.01665E-04 1.06944E-04 1.11708E-04 1.19740E-04 % Pu239
0.00000E+00 4.93613E-14 2.47028E-13 4.94640E-13 9.88629E-13 1.72717E-12 2.46406E-12 4.91494E-12 7.33914E-12 9.75132E-12 1.21285E-11 1.44948E-11 1.68527E-11 1.91900E-11 2.15256E-11 2.38465E-11 2.61698E-11 2.84629E-11 3.30646E-11 % lost data
7.04204E-02 7.04213E-02 7.04245E-02 7.04285E-02 7.04366E-02 7.04486E-02 7.04605E-02 7.05002E-02 7.05392E-02 7.05777E-02 7.06153E-02 7.06524E-02 7.06890E-02 7.07250E-02 7.07608E-02 7.07961E-02 7.08311E-02 7.08655E-02 7.09339E-02 % total
];

MAT_fuel1_MDENS = [
0.00000E+00 2.16287E-06 2.55918E-06 2.56272E-06 2.56626E-06 2.56822E-06 2.56868E-06 2.57549E-06 2.56302E-06 2.54724E-06 2.52025E-06 2.49998E-06 2.47874E-06 2.45261E-06 2.43311E-06 2.40824E-06 2.38419E-06 2.35470E-06 2.31613E-06 % Xe135
0.00000E+00 3.29706E-08 1.65957E-07 3.31287E-07 6.53388E-07 1.14251E-06 1.62642E-06 3.18265E-06 4.63862E-06 6.04783E-06 7.40533E-06 8.70521E-06 9.94784E-06 1.11364E-05 1.22970E-05 1.34199E-05 1.45093E-05 1.55915E-05 1.77283E-05 % U234
4.54463E-01 4.54083E-01 4.52589E-01 4.50730E-01 4.47046E-01 4.41609E-01 4.36270E-01 4.18900E-01 4.02437E-01 3.86721E-01 3.71820E-01 3.57577E-01 3.43905E-01 3.30809E-01 3.18150E-01 3.06003E-01 2.94276E-01 2.83033E-01 2.61556E-01 % U235
0.00000E+00 1.81142E-05 3.34391E-04 9.51400E-04 2.30712E-03 4.30645E-03 6.22234E-03 1.20843E-02 1.72343E-02 2.17815E-02 2.58011E-02 2.93918E-02 3.25845E-02 3.54422E-02 3.80350E-02 4.03572E-02 4.24527E-02 4.43439E-02 4.75324E-02 % Pu239
0.00000E+00 0.00000E+00 0.00000E+00 0.00000E+00 0.00000E+00 0.00000E+00 0.00000E+00 0.00000E+00 0.00000E+00 0.00000E+00 0.00000E+00 0.00000E+00 0.00000E+00 0.00000E+00 0.00000E+00 0.00000E+00 0.00000E+00 0.00000E+00 0.00000E+00 % lost data
1.05216E+01 1.05216E+01 1.05216E+01 1.05216E+01 1.05215E+01 1.05215E+01 1.05214E+01 1.05213E+01 1.05211E+01 1.05209E+01 1.05208E+01 1.05206E+01 1.05205E+01 1.05204E+01 1.05202E+01 1.05201E+01 1.05199E+01 1.05198E+01 1.05196E+01 % total
];

MAT_fuel1_A = [
0.00000E+00 2.61801E+16 3.09771E+16 3.10199E+16 3.10627E+16 3.10865E+16 3.10920E+16 3.11744E+16 3.10235E+16 3.08325E+16 3.05058E+16 3.02605E+16 3.00034E+16 2.96870E+16 2.94511E+16 2.91500E+16 2.88590E+16 2.85019E+16 2.80350E+16 % Xe135
0.00000E+00 9.77015E+05 4.91780E+06 9.81701E+06 1.93618E+07 3.38560E+07 4.81956E+07 9.43113E+07 1.37456E+08 1.79215E+08 2.19442E+08 2.57961E+08 2.94784E+08 3.30004E+08 3.64397E+08 3.97670E+08 4.29954E+08 4.62021E+08 5.25341E+08 % U234
4.67623E+09 4.67232E+09 4.65695E+09 4.63782E+09 4.59991E+09 4.54397E+09 4.48903E+09 4.31031E+09 4.14091E+09 3.97919E+09 3.82587E+09 3.67932E+09 3.53863E+09 3.40388E+09 3.27363E+09 3.14864E+09 3.02798E+09 2.91229E+09 2.69130E+09 % U235
0.00000E+00 5.35117E+09 9.87833E+10 2.81055E+11 6.81552E+11 1.27218E+12 1.83816E+12 3.56985E+12 5.09123E+12 6.43451E+12 7.62195E+12 8.68270E+12 9.62585E+12 1.04701E+13 1.12360E+13 1.19220E+13 1.25410E+13 1.30997E+13 1.40417E+13 % Pu239
0.00000E+00 0.00000E+00 0.00000E+00 0.00000E+00 0.00000E+00 0.00000E+00 0.00000E+00 0.00000E+00 0.00000E+00 0.00000E+00 0.00000E+00 0.00000E+00 0.00000E+00 0.00000E+00 0.00000E+00 0.00000E+00 0.00000E+00 0.00000E+00 0.00000E+00 % lost data
1.87958E+10 6.40838E+18 7.00418E+18 7.26906E+18 7.43879E+18 7.52306E+18 7.55299E+18 7.67348E+18 7.61690E+18 7.56696E+18 7.44018E+18 7.36093E+18 7.29591E+18 7.20611E+18 7.18091E+18 7.10374E+18 7.06317E+18 6.97322E+18 6.92191E+18 % total
];

MAT_fuel1_H = [
0.00000E+00 2.36017E+03 2.79264E+03 2.79649E+03 2.80036E+03 2.80250E+03 2.80300E+03 2.81043E+03 2.79682E+03 2.77960E+03 2.75015E+03 2.72803E+03 2.70486E+03 2.67634E+03 2.65507E+03 2.62792E+03 2.60168E+03 2.56949E+03 2.52741E+03 % Xe135
0.00000E+00 7.59785E-07 3.82437E-06 7.63429E-06 1.50569E-05 2.63284E-05 3.74798E-05 7.33420E-05 1.06894E-04 1.39368E-04 1.70651E-04 2.00606E-04 2.29241E-04 2.56631E-04 2.83377E-04 3.09252E-04 3.34358E-04 3.59295E-04 4.08536E-04 % U234
3.45586E-03 3.45297E-03 3.44161E-03 3.42747E-03 3.39945E-03 3.35811E-03 3.31751E-03 3.18543E-03 3.06024E-03 2.94073E-03 2.82742E-03 2.71911E-03 2.61514E-03 2.51556E-03 2.41930E-03 2.32693E-03 2.23775E-03 2.15226E-03 1.98894E-03 % U235
0.00000E+00 4.49361E-03 8.29528E-02 2.36015E-01 5.72329E-01 1.06830E+00 1.54358E+00 2.99776E+00 4.27533E+00 5.40335E+00 6.40049E+00 7.29125E+00 8.08326E+00 8.79219E+00 9.43538E+00 1.00114E+01 1.05313E+01 1.10004E+01 1.17914E+01 % Pu239
0.00000E+00 0.00000E+00 0.00000E+00 0.00000E+00 0.00000E+00 0.00000E+00 0.00000E+00 0.00000E+00 0.00000E+00 0.00000E+00 0.00000E+00 0.00000E+00 0.00000E+00 0.00000E+00 0.00000E+00 0.00000E+00 0.00000E+00 0.00000E+00 0.00000E+00 % lost data
1.31274E-02 2.39780E+06 2.43339E+06 2.45842E+06 2.47052E+06 2.46707E+06 2.45660E+06 2.45465E+06 2.40704E+06 2.37038E+06 2.31318E+06 2.27410E+06 2.24272E+06 2.20398E+06 2.18589E+06 2.15266E+06 2.13170E+06 2.09510E+06 2.06494E+06 % total
];

